{"data":[{"coloraxis":"coloraxis","name":"0","x":["immigr","crime","health","eu","economi","educ","world","employ","transport","test","defenc","vaccin","pension","legisl","environ","tax","welfar","pandem"],"y":["immigr","crime","health","eu","economi","educ","world","employ","transport","test","defenc","vaccin","pension","legisl","environ","tax","welfar","pandem"],"z":[[1.0,0.17120102417645663,-0.10477991014415786,0.11568928999281106,0.03820331297721821,-0.24563658162663457,0.06170595355451104,0.12755630253132327,0.09238624802854851,-0.018173954993058367,0.14510810189674433,-0.32674562086433545,-0.18668795479568862,-0.03353078997136217,-0.06946209762198123,-0.01888052518841929,0.1399303447642418,-0.16716667251413828],[0.17120102417645663,1.0,-0.026299158950071684,0.21135163245829391,-0.2591705643204209,-0.2658717209103701,-0.02237375881176121,-0.0617519502272,0.0034075477829550423,-0.3061910616209008,0.19049386839562518,-0.08394490063268009,-0.21277754645701347,0.12854797296739148,0.0156868849484891,0.02867667537477172,-0.11485120202588762,-0.2724838282221229],[-0.10477991014415786,-0.026299158950071684,1.0,-0.4095680177662627,-0.12100335419116832,0.004654997505290681,-0.060328783452650726,0.011136945459788857,0.198375352898501,0.1536736573070523,-0.030663069875304177,-0.04423986570517834,-0.03023620948645103,0.007823050993485788,0.36672300652151213,-0.17305270186094573,0.026256392316643774,0.05848615307565944],[0.11568928999281106,0.21135163245829391,-0.4095680177662627,1.0,-0.11680658847966346,-0.13467177215499668,0.030895265092127096,-0.47247262253922845,-0.11240679885280398,-0.33287547029913445,0.0430559731226411,-0.2685627788595528,-0.17617841994119499,0.2591522536421694,0.08666950975147487,-0.3850432746331803,-0.41282465355938947,-0.38090918217512587],[0.03820331297721821,-0.2591705643204209,-0.12100335419116832,-0.11680658847966346,1.0,0.03273875356031481,0.03420296239163644,0.1513280746676093,0.14932620386624265,-0.004575800891015906,-0.08634244757795166,-0.33353590323151283,-0.10206594406279217,-0.27357499480218583,-0.2897064055573141,0.40258257343728676,0.2717188584313662,-0.09346498393521044],[-0.24563658162663457,-0.2658717209103701,0.004654997505290681,-0.13467177215499668,0.03273875356031481,1.0,0.19763713213040016,0.16272752033571442,0.00016094970439958705,-0.35514325649042566,0.004740352470422117,-0.16755001768821223,0.2588035677381254,-0.0725281473246474,-0.06433404722456265,0.08739364833880081,0.008643255015099462,-0.3339567405820294],[0.06170595355451104,-0.02237375881176121,-0.060328783452650726,0.030895265092127096,0.03420296239163644,0.19763713213040016,1.0,-0.18647828566690425,0.2113740758929926,-0.42059672521829705,0.30946663819708087,-0.3216092766964054,-0.39534955565744456,0.1675400459974465,0.3296746313431368,-0.04283552848198149,0.10915847099319849,-0.40163658283035497],[0.12755630253132327,-0.0617519502272,0.011136945459788857,-0.47247262253922845,0.1513280746676093,0.16272752033571442,-0.18647828566690425,1.0,0.2048617095331635,-0.03371963318868763,0.03854197636751235,-0.1892682437590081,0.3462469597505351,-0.2342266080468514,-0.4446265148082242,0.4615224564224792,0.4095503338791279,-0.12955819809582644],[0.09238624802854851,0.0034075477829550423,0.198375352898501,-0.11240679885280398,0.14932620386624265,0.00016094970439958705,0.2113740758929926,0.2048617095331635,1.0,-0.21580175792415812,0.09704871768652194,-0.3824758903240828,-0.15680648301085043,0.1345585527449655,0.38272240371267663,0.016617306576042212,0.11488684903801233,-0.28790090892288395],[-0.018173954993058367,-0.3061910616209008,0.1536736573070523,-0.33287547029913445,-0.004575800891015906,-0.35514325649042566,-0.42059672521829705,-0.03371963318868763,-0.21580175792415812,1.0,-0.4153387570574833,0.4675884842916376,0.0911411996952702,-0.260052534212061,-0.05200068290012586,-0.2882307021800069,-0.13127592972732974,0.8441390453751437],[0.14510810189674433,0.19049386839562518,-0.030663069875304177,0.0430559731226411,-0.08634244757795166,0.004740352470422117,0.30946663819708087,0.03854197636751235,0.09704871768652194,-0.4153387570574833,1.0,-0.21889384048431487,-0.21242585430737904,-0.07281899037397321,-0.06492604886050757,0.1397567954231091,0.16943360095710489,-0.3870075082610137],[-0.32674562086433545,-0.08394490063268009,-0.04423986570517834,-0.2685627788595528,-0.33353590323151283,-0.16755001768821223,-0.3216092766964054,-0.1892682437590081,-0.3824758903240828,0.4675884842916376,-0.21889384048431487,1.0,0.1224098071640423,-0.2903585513082835,-0.0787217063623632,-0.2325856409147514,-0.20865563158025835,0.7742720145393845],[-0.18668795479568862,-0.21277754645701347,-0.03023620948645103,-0.17617841994119499,-0.10206594406279217,0.2588035677381254,-0.39534955565744456,0.3462469597505351,-0.15680648301085043,0.0911411996952702,-0.21242585430737904,0.1224098071640423,1.0,-0.20455743334115317,-0.3024942296103597,0.010187553826764381,-0.05487073218544815,0.08767588581960001],[-0.03353078997136217,0.12854797296739148,0.007823050993485788,0.2591522536421694,-0.27357499480218583,-0.0725281473246474,0.1675400459974465,-0.2342266080468514,0.1345585527449655,-0.260052534212061,-0.07281899037397321,-0.2903585513082835,-0.20455743334115317,1.0,0.3094962016747656,-0.1740090529908852,0.012116193917619918,-0.2682911843423469],[-0.06946209762198123,0.0156868849484891,0.36672300652151213,0.08666950975147487,-0.2897064055573141,-0.06433404722456265,0.3296746313431368,-0.4446265148082242,0.38272240371267663,-0.05200068290012586,-0.06492604886050757,-0.0787217063623632,-0.3024942296103597,0.3094962016747656,1.0,-0.4243794242058924,-0.19401039706468975,-0.030637182018119682],[-0.01888052518841929,0.02867667537477172,-0.17305270186094573,-0.3850432746331803,0.40258257343728676,0.08739364833880081,-0.04283552848198149,0.4615224564224792,0.016617306576042212,-0.2882307021800069,0.1397567954231091,-0.2325856409147514,0.010187553826764381,-0.1740090529908852,-0.4243794242058924,1.0,0.40088534429693795,-0.29034072633453456],[0.1399303447642418,-0.11485120202588762,0.026256392316643774,-0.41282465355938947,0.2717188584313662,0.008643255015099462,0.10915847099319849,0.4095503338791279,0.11488684903801233,-0.13127592972732974,0.16943360095710489,-0.20865563158025835,-0.05487073218544815,0.012116193917619918,-0.19401039706468975,0.40088534429693795,1.0,-0.12448635641341291],[-0.16716667251413828,-0.2724838282221229,0.05848615307565944,-0.38090918217512587,-0.09346498393521044,-0.3339567405820294,-0.40163658283035497,-0.12955819809582644,-0.28790090892288395,0.8441390453751437,-0.3870075082610137,0.7742720145393845,0.08767588581960001,-0.2682911843423469,-0.030637182018119682,-0.29034072633453456,-0.12448635641341291,1.0]],"type":"heatmap","xaxis":"x","yaxis":"y","hovertemplate":"x: %{x}<br>y: %{y}<br>color: %{z}<extra></extra>"}],"layout":{"template":{"data":{"bar":[{"error_x":{"color":"#2a3f5f"},"error_y":{"color":"#2a3f5f"},"marker":{"line":{"color":"#E5ECF6","width":0.5},"pattern":{"fillmode":"overlay","size":10,"solidity":0.2}},"type":"bar"}],"barpolar":[{"marker":{"line":{"color":"#E5ECF6","width":0.5},"pattern":{"fillmode":"overlay","size":10,"solidity":0.2}},"type":"barpolar"}],"carpet":[{"aaxis":{"endlinecolor":"#2a3f5f","gridcolor":"white","linecolor":"white","minorgridcolor":"white","startlinecolor":"#2a3f5f"},"baxis":{"endlinecolor":"#2a3f5f","gridcolor":"white","linecolor":"white","minorgridcolor":"white","startlinecolor":"#2a3f5f"},"type":"carpet"}],"choropleth":[{"colorbar":{"outlinewidth":0,"ticks":""},"type":"choropleth"}],"contour":[{"colorbar":{"outlinewidth":0,"ticks":""},"colorscale":[[0.0,"#0d0887"],[0.1111111111111111,"#46039f"],[0.2222222222222222,"#7201a8"],[0.3333333333333333,"#9c179e"],[0.4444444444444444,"#bd3786"],[0.5555555555555556,"#d8576b"],[0.6666666666666666,"#ed7953"],[0.7777777777777778,"#fb9f3a"],[0.8888888888888888,"#fdca26"],[1.0,"#f0f921"]],"type":"contour"}],"contourcarpet":[{"colorbar":{"outlinewidth":0,"ticks":""},"type":"contourcarpet"}],"heatmap":[{"colorbar":{"outlinewidth":0,"ticks":""},"colorscale":[[0.0,"#0d0887"],[0.1111111111111111,"#46039f"],[0.2222222222222222,"#7201a8"],[0.3333333333333333,"#9c179e"],[0.4444444444444444,"#bd3786"],[0.5555555555555556,"#d8576b"],[0.6666666666666666,"#ed7953"],[0.7777777777777778,"#fb9f3a"],[0.8888888888888888,"#fdca26"],[1.0,"#f0f921"]],"type":"heatmap"}],"heatmapgl":[{"colorbar":{"outlinewidth":0,"ticks":""},"colorscale":[[0.0,"#0d0887"],[0.1111111111111111,"#46039f"],[0.2222222222222222,"#7201a8"],[0.3333333333333333,"#9c179e"],[0.4444444444444444,"#bd3786"],[0.5555555555555556,"#d8576b"],[0.6666666666666666,"#ed7953"],[0.7777777777777778,"#fb9f3a"],[0.8888888888888888,"#fdca26"],[1.0,"#f0f921"]],"type":"heatmapgl"}],"histogram":[{"marker":{"pattern":{"fillmode":"overlay","size":10,"solidity":0.2}},"type":"histogram"}],"histogram2d":[{"colorbar":{"outlinewidth":0,"ticks":""},"colorscale":[[0.0,"#0d0887"],[0.1111111111111111,"#46039f"],[0.2222222222222222,"#7201a8"],[0.3333333333333333,"#9c179e"],[0.4444444444444444,"#bd3786"],[0.5555555555555556,"#d8576b"],[0.6666666666666666,"#ed7953"],[0.7777777777777778,"#fb9f3a"],[0.8888888888888888,"#fdca26"],[1.0,"#f0f921"]],"type":"histogram2d"}],"histogram2dcontour":[{"colorbar":{"outlinewidth":0,"ticks":""},"colorscale":[[0.0,"#0d0887"],[0.1111111111111111,"#46039f"],[0.2222222222222222,"#7201a8"],[0.3333333333333333,"#9c179e"],[0.4444444444444444,"#bd3786"],[0.5555555555555556,"#d8576b"],[0.6666666666666666,"#ed7953"],[0.7777777777777778,"#fb9f3a"],[0.8888888888888888,"#fdca26"],[1.0,"#f0f921"]],"type":"histogram2dcontour"}],"mesh3d":[{"colorbar":{"outlinewidth":0,"ticks":""},"type":"mesh3d"}],"parcoords":[{"line":{"colorbar":{"outlinewidth":0,"ticks":""}},"type":"parcoords"}],"pie":[{"automargin":true,"type":"pie"}],"scatter":[{"marker":{"colorbar":{"outlinewidth":0,"ticks":""}},"type":"scatter"}],"scatter3d":[{"line":{"colorbar":{"outlinewidth":0,"ticks":""}},"marker":{"colorbar":{"outlinewidth":0,"ticks":""}},"type":"scatter3d"}],"scattercarpet":[{"marker":{"colorbar":{"outlinewidth":0,"ticks":""}},"type":"scattercarpet"}],"scattergeo":[{"marker":{"colorbar":{"outlinewidth":0,"ticks":""}},"type":"scattergeo"}],"scattergl":[{"marker":{"colorbar":{"outlinewidth":0,"ticks":""}},"type":"scattergl"}],"scattermapbox":[{"marker":{"colorbar":{"outlinewidth":0,"ticks":""}},"type":"scattermapbox"}],"scatterpolar":[{"marker":{"colorbar":{"outlinewidth":0,"ticks":""}},"type":"scatterpolar"}],"scatterpolargl":[{"marker":{"colorbar":{"outlinewidth":0,"ticks":""}},"type":"scatterpolargl"}],"scatterternary":[{"marker":{"colorbar":{"outlinewidth":0,"ticks":""}},"type":"scatterternary"}],"surface":[{"colorbar":{"outlinewidth":0,"ticks":""},"colorscale":[[0.0,"#0d0887"],[0.1111111111111111,"#46039f"],[0.2222222222222222,"#7201a8"],[0.3333333333333333,"#9c179e"],[0.4444444444444444,"#bd3786"],[0.5555555555555556,"#d8576b"],[0.6666666666666666,"#ed7953"],[0.7777777777777778,"#fb9f3a"],[0.8888888888888888,"#fdca26"],[1.0,"#f0f921"]],"type":"surface"}],"table":[{"cells":{"fill":{"color":"#EBF0F8"},"line":{"color":"white"}},"header":{"fill":{"color":"#C8D4E3"},"line":{"color":"white"}},"type":"table"}]},"layout":{"annotationdefaults":{"arrowcolor":"#2a3f5f","arrowhead":0,"arrowwidth":1},"autotypenumbers":"strict","coloraxis":{"colorbar":{"outlinewidth":0,"ticks":""}},"colorscale":{"diverging":[[0,"#8e0152"],[0.1,"#c51b7d"],[0.2,"#de77ae"],[0.3,"#f1b6da"],[0.4,"#fde0ef"],[0.5,"#f7f7f7"],[0.6,"#e6f5d0"],[0.7,"#b8e186"],[0.8,"#7fbc41"],[0.9,"#4d9221"],[1,"#276419"]],"sequential":[[0.0,"#0d0887"],[0.1111111111111111,"#46039f"],[0.2222222222222222,"#7201a8"],[0.3333333333333333,"#9c179e"],[0.4444444444444444,"#bd3786"],[0.5555555555555556,"#d8576b"],[0.6666666666666666,"#ed7953"],[0.7777777777777778,"#fb9f3a"],[0.8888888888888888,"#fdca26"],[1.0,"#f0f921"]],"sequentialminus":[[0.0,"#0d0887"],[0.1111111111111111,"#46039f"],[0.2222222222222222,"#7201a8"],[0.3333333333333333,"#9c179e"],[0.4444444444444444,"#bd3786"],[0.5555555555555556,"#d8576b"],[0.6666666666666666,"#ed7953"],[0.7777777777777778,"#fb9f3a"],[0.8888888888888888,"#fdca26"],[1.0,"#f0f921"]]},"colorway":["#636efa","#EF553B","#00cc96","#ab63fa","#FFA15A","#19d3f3","#FF6692","#B6E880","#FF97FF","#FECB52"],"font":{"color":"#2a3f5f"},"geo":{"bgcolor":"white","lakecolor":"white","landcolor":"#E5ECF6","showlakes":true,"showland":true,"subunitcolor":"white"},"hoverlabel":{"align":"left"},"hovermode":"closest","mapbox":{"style":"light"},"paper_bgcolor":"white","plot_bgcolor":"#E5ECF6","polar":{"angularaxis":{"gridcolor":"white","linecolor":"white","ticks":""},"bgcolor":"#E5ECF6","radialaxis":{"gridcolor":"white","linecolor":"white","ticks":""}},"scene":{"xaxis":{"backgroundcolor":"#E5ECF6","gridcolor":"white","gridwidth":2,"linecolor":"white","showbackground":true,"ticks":"","zerolinecolor":"white"},"yaxis":{"backgroundcolor":"#E5ECF6","gridcolor":"white","gridwidth":2,"linecolor":"white","showbackground":true,"ticks":"","zerolinecolor":"white"},"zaxis":{"backgroundcolor":"#E5ECF6","gridcolor":"white","gridwidth":2,"linecolor":"white","showbackground":true,"ticks":"","zerolinecolor":"white"}},"shapedefaults":{"line":{"color":"#2a3f5f"}},"ternary":{"aaxis":{"gridcolor":"white","linecolor":"white","ticks":""},"baxis":{"gridcolor":"white","linecolor":"white","ticks":""},"bgcolor":"#E5ECF6","caxis":{"gridcolor":"white","linecolor":"white","ticks":""}},"title":{"x":0.05},"xaxis":{"automargin":true,"gridcolor":"white","linecolor":"white","ticks":"","title":{"standoff":15},"zerolinecolor":"white","zerolinewidth":2},"yaxis":{"automargin":true,"gridcolor":"white","linecolor":"white","ticks":"","title":{"standoff":15},"zerolinecolor":"white","zerolinewidth":2}}},"xaxis":{"anchor":"y","domain":[0.0,1.0],"scaleanchor":"y","constrain":"domain"},"yaxis":{"anchor":"x","domain":[0.0,1.0],"autorange":"reversed","constrain":"domain"},"coloraxis":{"colorscale":[[0.0,"#0d0887"],[0.1111111111111111,"#46039f"],[0.2222222222222222,"#7201a8"],[0.3333333333333333,"#9c179e"],[0.4444444444444444,"#bd3786"],[0.5555555555555556,"#d8576b"],[0.6666666666666666,"#ed7953"],[0.7777777777777778,"#fb9f3a"],[0.8888888888888888,"#fdca26"],[1.0,"#f0f921"]]},"margin":{"t":60}}}